1.781724095344543457e-01
1.769514083862304688e-01
2.401149570941925049e-01
1.425710469484329224e-01
2.221821546554565430e-01
1.286128014326095581e-01
1.863376349210739136e-01
8.961190283298492432e-02
2.180728316307067871e-01
1.679106205701828003e-01
2.782960534095764160e-01
2.326067388057708740e-01
2.915930747985839844e-01
3.549042940139770508e-01
3.672017753124237061e-01
3.042660355567932129e-01
3.752250075340270996e-01
3.394634723663330078e-01
4.046966135501861572e-01
3.201728463172912598e-01
5.337958335876464844e-01
2.986465990543365479e-01
4.274846911430358887e-01
4.009844958782196045e-01
4.689818918704986572e-01
5.263131260871887207e-01
4.449695646762847900e-01
5.032080411911010742e-01
6.199719905853271484e-01
4.304144084453582764e-01
4.733438193798065186e-01
3.814417421817779541e-01
4.487468302249908447e-01
3.667188584804534912e-01
5.885191559791564941e-01
4.124603271484375000e-01
4.489754736423492432e-01
4.694028496742248535e-01
3.329966068267822266e-01
4.661159515380859375e-01
4.697607755661010742e-01
2.464831918478012085e-01
3.990935087203979492e-01
3.103862702846527100e-01
3.347997367382049561e-01
3.079103529453277588e-01
2.865146100521087646e-01
2.578881680965423584e-01
3.695491552352905273e-01
2.137269973754882812e-01
2.897689342498779297e-01
2.483773380517959595e-01
2.984391450881958008e-01
2.957994341850280762e-01
3.167678415775299072e-01
2.784386277198791504e-01
2.795757949352264404e-01
2.474876940250396729e-01
3.167521655559539795e-01
2.635264098644256592e-01
2.483550012111663818e-01
2.114913761615753174e-01
2.707705199718475342e-01
8.466391265392303467e-02
3.077838420867919922e-01
7.974851876497268677e-02
1.577342301607131958e-01
1.939094662666320801e-01
2.669288218021392822e-01
1.901921480894088745e-01
2.009208798408508301e-01
2.535329461097717285e-01
2.028424292802810669e-01
1.675252467393875122e-01
1.945842504501342773e-01
2.090318799018859863e-01
1.702660322189331055e-01
1.812803000211715698e-01
2.198345810174942017e-01
1.817607730627059937e-01
1.895817518234252930e-01
1.631824970245361328e-01
1.820731610059738159e-01
1.598840653896331787e-01
2.737808227539062500e-01
2.064866721630096436e-01
2.338625788688659668e-01
1.245319843292236328e-01
2.591905593872070312e-01
1.583352237939834595e-01
1.748580038547515869e-01
1.368413418531417847e-01
2.238443791866302490e-01
1.331478506326675415e-01
2.113548815250396729e-01
1.439575254917144775e-01
3.050879836082458496e-01
1.789756268262863159e-01
2.270490080118179321e-01
1.962959170341491699e-01
2.212085276842117310e-01
1.705574393272399902e-01
2.385581880807876587e-01
2.118574529886245728e-01
2.608637809753417969e-01
2.718216776847839355e-01
2.558085024356842041e-01
2.044969201087951660e-01
2.515588700771331787e-01
1.850464642047882080e-01
2.110470235347747803e-01
1.444944292306900024e-01
2.490480393171310425e-01
1.956378370523452759e-01
2.473183870315551758e-01
1.928712278604507446e-01
2.313655465841293335e-01
1.841398030519485474e-01
1.999154537916183472e-01
2.205448150634765625e-01
2.533458173274993896e-01
1.670612692832946777e-01
2.132961452007293701e-01
4.241162165999412537e-02
1.850062608718872070e-01
1.545663923025131226e-01
2.728829085826873779e-01
2.035166472196578979e-01
3.198959529399871826e-01
1.732278615236282349e-01
2.886565029621124268e-01
1.693532615900039673e-01
2.222928553819656372e-01
1.757303476333618164e-01
2.607006728649139404e-01
2.363132536411285400e-01
2.826900184154510498e-01
2.196494191884994507e-01
2.435316741466522217e-01
2.184848487377166748e-01
2.924397885799407959e-01
2.434762120246887207e-01
2.795409858226776123e-01
3.485853374004364014e-01
3.770426511764526367e-01
1.858498156070709229e-01
2.656885981559753418e-01
2.222697436809539795e-01
2.413182705640792847e-01
2.275668233633041382e-01
3.330880105495452881e-01
2.775367200374603271e-01
3.469485342502593994e-01
1.988449692726135254e-01
3.032485544681549072e-01
3.388617932796478271e-01
3.540996909141540527e-01
3.061693310737609863e-01
3.819996118545532227e-01
2.736743986606597900e-01
3.910923898220062256e-01
3.089818060398101807e-01
3.480113744735717773e-01
4.139752686023712158e-01
4.264851212501525879e-01
2.827320694923400879e-01
3.338352143764495850e-01
3.189399838447570801e-01
3.692800700664520264e-01
3.713238537311553955e-01
3.510596454143524170e-01
2.350508272647857666e-01
3.815339207649230957e-01
2.272949516773223877e-01
3.680378198623657227e-01
3.438135385513305664e-01
2.902297377586364746e-01
3.250497281551361084e-01
3.296722769737243652e-01
3.480080962181091309e-01
4.082845151424407959e-01
2.912021279335021973e-01
3.598004281520843506e-01
2.939416468143463135e-01
3.918661177158355713e-01
2.375223785638809204e-01
2.990225851535797119e-01
2.762789130210876465e-01
3.198683261871337891e-01
2.678757309913635254e-01
3.239455521106719971e-01
3.279737234115600586e-01
4.564174711704254150e-01
3.457539677619934082e-01
3.925475776195526123e-01
3.797414004802703857e-01
4.436967074871063232e-01
3.803175389766693115e-01
3.906717002391815186e-01
3.489924669265747070e-01
4.213208556175231934e-01
3.852235376834869385e-01
4.809222817420959473e-01
5.015416145324707031e-01
5.017566084861755371e-01
4.137084186077117920e-01
3.710404634475708008e-01
4.470271766185760498e-01
5.070582628250122070e-01
5.035176277160644531e-01
4.667972028255462646e-01
5.245324969291687012e-01
4.589274823665618896e-01
4.512362778186798096e-01
5.094855427742004395e-01
4.618563652038574219e-01
4.944652020931243896e-01
4.291391670703887939e-01
6.120094060897827148e-01
5.093361139297485352e-01
4.799493551254272461e-01
4.825186431407928467e-01
4.925439655780792236e-01
4.953287839889526367e-01
5.946446657180786133e-01
4.359300732612609863e-01
5.099907517433166504e-01
5.117564797401428223e-01
4.621345698833465576e-01
5.499604940414428711e-01
5.932075381278991699e-01
5.773788690567016602e-01
6.754706501960754395e-01
5.177510976791381836e-01
5.840036869049072266e-01
6.501947641372680664e-01
6.248456835746765137e-01
5.023860335350036621e-01
5.368428230285644531e-01
5.185205936431884766e-01
5.483608245849609375e-01
6.220439672470092773e-01
5.335180163383483887e-01
5.452750325202941895e-01
6.155619621276855469e-01
4.835320413112640381e-01
4.724164009094238281e-01
5.448096990585327148e-01
6.602523326873779297e-01
4.019462168216705322e-01
5.900330543518066406e-01
5.657554864883422852e-01
6.167771816253662109e-01
5.038031935691833496e-01
5.836178064346313477e-01
6.706567406654357910e-01
5.596148967742919922e-01
4.769069850444793701e-01
6.418468952178955078e-01
5.163813233375549316e-01
5.663920044898986816e-01
3.276716172695159912e-01
5.378845930099487305e-01
5.166023969650268555e-01
4.996619820594787598e-01
5.156085491180419922e-01
5.950364470481872559e-01
5.380229949951171875e-01
8.004969358444213867e-01
5.271760225296020508e-01
5.683153867721557617e-01
6.066976785659790039e-01
5.394656062126159668e-01
5.334218144416809082e-01
5.866043567657470703e-01
5.924717783927917480e-01
6.827962398529052734e-01
5.581787228584289551e-01
6.862078309059143066e-01
6.205711960792541504e-01
6.516407728195190430e-01
5.767468214035034180e-01
6.837880611419677734e-01
6.441485881805419922e-01
6.975286006927490234e-01
5.898357629776000977e-01
6.317699551582336426e-01
6.999136209487915039e-01
6.433346867561340332e-01
6.923527717590332031e-01
6.122223138809204102e-01
6.654464602470397949e-01
6.414662599563598633e-01
6.330839395523071289e-01
6.819202899932861328e-01
6.516309380531311035e-01
7.448315024375915527e-01
4.915330708026885986e-01
7.883374691009521484e-01
6.226732730865478516e-01
6.377013325691223145e-01
7.546021938323974609e-01
8.038381934165954590e-01
6.365597844123840332e-01
7.093733549118041992e-01
8.377183079719543457e-01
6.694957017898559570e-01
7.032835483551025391e-01
7.902610301971435547e-01
6.491528749465942383e-01
7.070292234420776367e-01
6.258318424224853516e-01
8.108003139495849609e-01
6.996888518333435059e-01
7.527970075607299805e-01
7.475667595863342285e-01
6.895779371261596680e-01
7.785567641258239746e-01
7.029812335968017578e-01
7.320045232772827148e-01
8.103002309799194336e-01
6.749200224876403809e-01
6.899149417877197266e-01
6.819313764572143555e-01
7.477026581764221191e-01
5.701076984405517578e-01
7.525141239166259766e-01
7.093293666839599609e-01
7.288162112236022949e-01
7.124853134155273438e-01
6.189035177230834961e-01
6.431243419647216797e-01
8.850323557853698730e-01
6.357932686805725098e-01
7.605925202369689941e-01
6.863674521446228027e-01
7.185385823249816895e-01
5.499697923660278320e-01
7.113115787506103516e-01
8.312384486198425293e-01
7.823177576065063477e-01
6.467696428298950195e-01
6.594134569168090820e-01
7.214568853378295898e-01
7.709361314773559570e-01
7.664660811424255371e-01
7.351429462432861328e-01
7.665872573852539062e-01
7.578626871109008789e-01
7.410820722579956055e-01
8.320690989494323730e-01
8.076102733612060547e-01
7.525334954261779785e-01
6.890600919723510742e-01
7.838798761367797852e-01
8.570916652679443359e-01
8.634986281394958496e-01
7.180371880531311035e-01
6.945132017135620117e-01
6.829562783241271973e-01
8.042265772819519043e-01
7.114230394363403320e-01
7.019268274307250977e-01
7.060669660568237305e-01
6.810969114303588867e-01
6.082502603530883789e-01
6.147300004959106445e-01
6.861444115638732910e-01
7.795088291168212891e-01
5.437889099121093750e-01
6.867655515670776367e-01
7.175717353820800781e-01
7.299900054931640625e-01
5.584660768508911133e-01
6.149888038635253906e-01
6.645723581314086914e-01
6.763651967048645020e-01
6.877432465553283691e-01
6.473623514175415039e-01
6.948975324630737305e-01
7.313817739486694336e-01
6.073068380355834961e-01
6.444855928421020508e-01
5.794464349746704102e-01
6.153635978698730469e-01
6.875438094139099121e-01
6.436132192611694336e-01
8.248473405838012695e-01
8.423033952713012695e-01
7.264235019683837891e-01
7.588837146759033203e-01
7.002893686294555664e-01
7.822291851043701172e-01
8.357086181640625000e-01
7.097898721694946289e-01
7.093243598937988281e-01
6.653608083724975586e-01
6.429007053375244141e-01
6.321438550949096680e-01
6.091936230659484863e-01
8.512262105941772461e-01
7.367820739746093750e-01
7.919765114784240723e-01
6.068617105484008789e-01
8.736093640327453613e-01
6.885808706283569336e-01
6.148927211761474609e-01
6.147891283035278320e-01
7.331763505935668945e-01
7.244023084640502930e-01
8.043858408927917480e-01
6.183755993843078613e-01
6.523014307022094727e-01
6.580322980880737305e-01
6.454683542251586914e-01
6.723522543907165527e-01
7.003072500228881836e-01
7.567111253738403320e-01
6.889117956161499023e-01
6.895331144332885742e-01
7.190515398979187012e-01
7.262530326843261719e-01
7.097807526588439941e-01
7.293262481689453125e-01
8.712919354438781738e-01
6.678518652915954590e-01
7.495929002761840820e-01
8.106817603111267090e-01
8.083680868148803711e-01
6.626584529876708984e-01
7.672632336616516113e-01
8.121227025985717773e-01
7.957257032394409180e-01
5.546081662178039551e-01
6.686885356903076172e-01
7.391314506530761719e-01
8.530064225196838379e-01
6.763117313385009766e-01
6.878148317337036133e-01
7.170236110687255859e-01
7.035678625106811523e-01
5.872029662132263184e-01
7.368618845939636230e-01
7.552492022514343262e-01
7.316612005233764648e-01
5.791817307472229004e-01
7.220363616943359375e-01
7.401531338691711426e-01
8.516258001327514648e-01
6.548604965209960938e-01
5.934740304946899414e-01
5.797585248947143555e-01
8.877378702163696289e-01
5.900107622146606445e-01
6.156450510025024414e-01
6.673489809036254883e-01
7.162079215049743652e-01
7.779718637466430664e-01
6.256036758422851562e-01
7.199046015739440918e-01
8.338665366172790527e-01
6.987984180450439453e-01
6.640365123748779297e-01
6.053514480590820312e-01
6.361105442047119141e-01
7.017877697944641113e-01
6.920740604400634766e-01
8.136047124862670898e-01
6.854290962219238281e-01
5.916359424591064453e-01
8.053920865058898926e-01
6.322843432426452637e-01
7.914943695068359375e-01
7.183045148849487305e-01
9.158685803413391113e-01
6.292898654937744141e-01
7.022105455398559570e-01
6.047120094299316406e-01
5.696064233779907227e-01
7.122231721878051758e-01
8.360340595245361328e-01
6.365182399749755859e-01
7.510133385658264160e-01
7.329628467559814453e-01
6.389330625534057617e-01
6.893262863159179688e-01
7.290983200073242188e-01
6.979762911796569824e-01
7.784897089004516602e-01
6.228190660476684570e-01
7.279768586158752441e-01
7.025030851364135742e-01
7.877039909362792969e-01
6.078612208366394043e-01
6.443210244178771973e-01
6.358766555786132812e-01
6.716006398200988770e-01
5.081480145454406738e-01
6.270701289176940918e-01
7.467982769012451172e-01
6.338518261909484863e-01
5.368252992630004883e-01
5.644493103027343750e-01
6.151098608970642090e-01
7.131060361862182617e-01
5.724312067031860352e-01
5.631186962127685547e-01
7.690621614456176758e-01
5.999020338058471680e-01
4.230920970439910889e-01
7.642117142677307129e-01
4.661450088024139404e-01
5.848093032836914062e-01
6.041862964630126953e-01
7.404132485389709473e-01
5.535343885421752930e-01
6.213533878326416016e-01
6.568707823753356934e-01
5.708594322204589844e-01
5.211266875267028809e-01
6.620420217514038086e-01
7.519105672836303711e-01
5.990354418754577637e-01
7.831467390060424805e-01
6.650002002716064453e-01
6.150245666503906250e-01
7.808607816696166992e-01
6.390172243118286133e-01
7.043480873107910156e-01
5.400162935256958008e-01
5.460033416748046875e-01
7.196459174156188965e-01
6.319659948348999023e-01
6.175696849822998047e-01
7.070589065551757812e-01
6.700229048728942871e-01
7.736744284629821777e-01
5.317009687423706055e-01
6.189931035041809082e-01
7.539615631103515625e-01
8.044467568397521973e-01
5.965805053710937500e-01
8.626891970634460449e-01
4.897904396057128906e-01
5.266429185867309570e-01
3.587115705013275146e-01
4.065205752849578857e-01
5.985704660415649414e-01
5.222961902618408203e-01
4.333696067333221436e-01
5.416788458824157715e-01
5.441142320632934570e-01
5.381351113319396973e-01
5.531519651412963867e-01
5.777791738510131836e-01
5.266963243484497070e-01
6.240174174308776855e-01
5.157664418220520020e-01
5.860418081283569336e-01
6.802030801773071289e-01
5.803418159484863281e-01
5.157740712165832520e-01
4.895719289779663086e-01
6.865912675857543945e-01
6.029701232910156250e-01
6.007175445556640625e-01
5.042734146118164062e-01
4.967568814754486084e-01
5.949540138244628906e-01
4.469650983810424805e-01
5.729476213455200195e-01
2.929249405860900879e-01
4.428053796291351318e-01
4.661181569099426270e-01
4.601903259754180908e-01
6.367620229721069336e-01
5.825755596160888672e-01
5.373354554176330566e-01
5.948967933654785156e-01
5.826829671859741211e-01
6.795887351036071777e-01
4.883538186550140381e-01
5.496690273284912109e-01
5.574188232421875000e-01
6.209497451782226562e-01
6.617393493652343750e-01
6.379809975624084473e-01
5.617157220840454102e-01
5.266204476356506348e-01
7.000894546508789062e-01
5.318679809570312500e-01
6.232259273529052734e-01
7.425774335861206055e-01
7.143141031265258789e-01
6.451699733734130859e-01
6.263545751571655273e-01
7.179707288742065430e-01
6.317572593688964844e-01
5.143721699714660645e-01
6.035764217376708984e-01
6.155297756195068359e-01
5.998564362525939941e-01
4.922963082790374756e-01
5.923395752906799316e-01
5.982343554496765137e-01
5.389281511306762695e-01
5.521270036697387695e-01
5.163854956626892090e-01
5.333353877067565918e-01
3.326677978038787842e-01
5.263271331787109375e-01
4.107195138931274414e-01
5.800287723541259766e-01
3.140358328819274902e-01
4.208588898181915283e-01
5.292144417762756348e-01
4.640967845916748047e-01
5.131717324256896973e-01
4.106732904911041260e-01
5.528835058212280273e-01
4.576951861381530762e-01
5.909888744354248047e-01
5.754909515380859375e-01
5.193461179733276367e-01
5.031715035438537598e-01
4.262160658836364746e-01
5.055184960365295410e-01
3.817200958728790283e-01
4.653006494045257568e-01
3.799474835395812988e-01
4.584788084030151367e-01
3.148058950901031494e-01
4.090757369995117188e-01
4.688437283039093018e-01
5.252811908721923828e-01
3.523541390895843506e-01
5.319509506225585938e-01
3.124343752861022949e-01
5.122803449630737305e-01
4.821829795837402344e-01
3.552378714084625244e-01
4.325818419456481934e-01
5.067461133003234863e-01
3.619021475315093994e-01
5.224658846855163574e-01
6.648263931274414062e-01
4.085590839385986328e-01
3.127367496490478516e-01
4.190538525581359863e-01
4.295494258403778076e-01
4.638775289058685303e-01
4.459382593631744385e-01
5.240743756294250488e-01
3.924150764942169189e-01
4.489588737487792969e-01
5.089436769485473633e-01
4.331926107406616211e-01
3.616400659084320068e-01
4.630359113216400146e-01
4.451685845851898193e-01
6.107677817344665527e-01
3.468641936779022217e-01
3.691835701465606689e-01
4.012289345264434814e-01
3.946541845798492432e-01
3.879146873950958252e-01
3.152706027030944824e-01
2.942241132259368896e-01
3.257090449333190918e-01
3.754488229751586914e-01
3.236699104309082031e-01
3.918265402317047119e-01
4.838734269142150879e-01
3.529282510280609131e-01
5.376976132392883301e-01
5.229198336601257324e-01
3.875172138214111328e-01
3.453669250011444092e-01
3.675196170806884766e-01
3.956182003021240234e-01
4.733717143535614014e-01
3.867711722850799561e-01
3.286640048027038574e-01
3.940689861774444580e-01
4.534379243850708008e-01
4.388701617717742920e-01
3.742607533931732178e-01
2.471734583377838135e-01
3.898106515407562256e-01
3.853707909584045410e-01
4.732054173946380615e-01
4.930869936943054199e-01
5.773390531539916992e-01
3.506553769111633301e-01
4.981892704963684082e-01
4.106299579143524170e-01
4.441791772842407227e-01
3.404041230678558350e-01
3.992341458797454834e-01
4.144017696380615234e-01
3.192420005798339844e-01
4.199532568454742432e-01
6.006413698196411133e-01
3.552812635898590088e-01
4.101005792617797852e-01
4.001054465770721436e-01
3.060968816280364990e-01
4.438310265541076660e-01
4.857365489006042480e-01
3.297328054904937744e-01
3.387624621391296387e-01
4.164144098758697510e-01
3.073295950889587402e-01
4.048023819923400879e-01
3.678717017173767090e-01
4.107437729835510254e-01
4.977367222309112549e-01
3.866739571094512939e-01
6.030736565589904785e-01
4.640384614467620850e-01
5.157130360603332520e-01
1.234731301665306091e-01
3.472240269184112549e-01
1.654464155435562134e-01
3.809000551700592041e-01
3.364105522632598877e-01
5.576886534690856934e-01
2.876020371913909912e-01
2.728825807571411133e-01
4.630061388015747070e-01
3.364050388336181641e-01
3.190533518791198730e-01
3.820903301239013672e-01
3.337069749832153320e-01
4.863273799419403076e-01
3.287846744060516357e-01
4.125185608863830566e-01
2.880945205688476562e-01
5.458353757858276367e-01
5.110968351364135742e-01
4.336308836936950684e-01
4.049518704414367676e-01
3.299844264984130859e-01
4.992700517177581787e-01
4.528463780879974365e-01
3.490738868713378906e-01
4.651733338832855225e-01
1.865043193101882935e-01
3.286713361740112305e-01
3.319800794124603271e-01
4.122907817363739014e-01
4.709097445011138916e-01
4.716069698333740234e-01
2.831737101078033447e-01
4.334598779678344727e-01
2.650366425514221191e-01
4.585331082344055176e-01
4.091921150684356689e-01
3.675357401371002197e-01
3.439914584159851074e-01
4.721031188964843750e-01
5.688207745552062988e-01
4.239983856678009033e-01
3.894329965114593506e-01
5.125740170478820801e-01
5.124759674072265625e-01
6.150515079498291016e-01
3.197954595088958740e-01
7.230300307273864746e-01
6.749889850616455078e-01
2.519062161445617676e-01
5.848519206047058105e-01
4.732457697391510010e-01
3.616221845149993896e-01
2.852025032043457031e-01
3.121812641620635986e-01
4.212332069873809814e-01
3.220721781253814697e-01
3.672534525394439697e-01
3.858499228954315186e-01
4.523201584815979004e-01
3.211541175842285156e-01
3.812795877456665039e-01
4.063416123390197754e-01
4.081961512565612793e-01
4.938444197177886963e-01
4.024314284324645996e-01
3.592280447483062744e-01
5.005956888198852539e-01
3.686667680740356445e-01
4.357665181159973145e-01
4.278845191001892090e-01
5.215052366256713867e-01
3.570700883865356445e-01
4.163137972354888916e-01
4.433069825172424316e-01
4.013115465641021729e-01
3.131545782089233398e-01
3.149627149105072021e-01
3.502351045608520508e-01
4.177417457103729248e-01
3.974056243896484375e-01
4.468116164207458496e-01
3.512690067291259766e-01
3.970695734024047852e-01
5.173317193984985352e-01
5.935484170913696289e-01
4.575271904468536377e-01
4.681189060211181641e-01
6.471881866455078125e-01
5.555272102355957031e-01
3.444292843341827393e-01
3.985721468925476074e-01
5.579321384429931641e-01
5.039172172546386719e-01
3.090112209320068359e-01
5.011386275291442871e-01
4.020851254463195801e-01
5.406032800674438477e-01
6.129286289215087891e-01
4.565228819847106934e-01
3.909181654453277588e-01
4.945598244667053223e-01
4.848884940147399902e-01
5.842002034187316895e-01
3.991230130195617676e-01
3.221905529499053955e-01
4.128335416316986084e-01
4.821583628654479980e-01
3.818222582340240479e-01
4.644789397716522217e-01
4.339415132999420166e-01
6.059547662734985352e-01
4.191361069679260254e-01
4.166569113731384277e-01
2.071653157472610474e-01
3.518825769424438477e-01
3.781441748142242432e-01
3.655880689620971680e-01
4.780446290969848633e-01
5.038005709648132324e-01
2.969181239604949951e-01
3.050899207592010498e-01
4.387907087802886963e-01
3.754071891307830811e-01
2.564271688461303711e-01
3.102158010005950928e-01
3.019467592239379883e-01
3.685379028320312500e-01
2.340263873338699341e-01
1.870496273040771484e-01
3.304517865180969238e-01
2.864371538162231445e-01
2.703140974044799805e-01
3.558543622493743896e-01
3.441497087478637695e-01
3.953688442707061768e-01
2.478262335062026978e-01
2.777950167655944824e-01
3.317356705665588379e-01
2.622388303279876709e-01
1.608914285898208618e-01
3.515663146972656250e-01
2.208456546068191528e-01
4.664206802845001221e-01
2.559250295162200928e-01
2.709751725196838379e-01
4.085783660411834717e-01
3.305882513523101807e-01
2.862388789653778076e-01
3.124701678752899170e-01
2.871184647083282471e-01
2.545368671417236328e-01
2.643801569938659668e-01
2.950361967086791992e-01
3.442292511463165283e-01
3.585471212863922119e-01
2.441459894180297852e-01
2.752483785152435303e-01
1.740783751010894775e-01
2.325841933488845825e-01
2.370088398456573486e-01
2.063145786523818970e-01
1.449113637208938599e-01
3.048255145549774170e-01
2.446514070034027100e-01
1.969459652900695801e-01
9.788614511489868164e-02
1.761725097894668579e-01
8.774675428867340088e-02
1.870643720030784607e-02
1.149988844990730286e-01
2.766061127185821533e-01
1.603799015283584595e-01
1.649786978960037231e-01
7.329434901475906372e-02
1.688471138477325439e-01
7.737407088279724121e-02
1.270650327205657959e-01
2.159228920936584473e-01
1.516595631837844849e-01
1.971949487924575806e-01
1.881671398878097534e-01
2.759768366813659668e-01
2.559880614280700684e-01
1.534640192985534668e-01
1.956372857093811035e-01
2.341260313987731934e-01
1.572445034980773926e-01
1.014328300952911377e-01
1.487594395875930786e-01
-1.093216240406036377e-01
1.375584900379180908e-01
1.052676364779472351e-01
1.335630118846893311e-01
1.877507269382476807e-01
2.014741450548171997e-01
2.021092921495437622e-01
1.416432410478591919e-01
4.268037378787994385e-01
1.984271407127380371e-01
9.488724917173385620e-02
1.935019344091415405e-01
-3.729031607508659363e-02
1.644325703382492065e-01
2.829443663358688354e-03
2.173274606466293335e-01
2.085771113634109497e-01
3.349044024944305420e-01
9.658195823431015015e-02
2.099764943122863770e-01
9.292142093181610107e-02
1.781866513192653656e-02
7.248109579086303711e-02
1.777957081794738770e-01
-9.287533164024353027e-02
8.902408182621002197e-02
8.016914874315261841e-02
1.694087237119674683e-01
-1.062830612063407898e-01
7.081706076860427856e-02
3.358118981122970581e-02
2.465155273675918579e-01
2.499241568148136139e-02
7.038065791130065918e-02
-2.736405283212661743e-02
-2.414251677691936493e-03
-7.861514389514923096e-02
1.240946948528289795e-01
1.373992562294006348e-01
4.963984712958335876e-02
-8.384814113378524780e-02
1.855526119470596313e-01
-6.128136813640594482e-02
-7.214077562093734741e-02
-1.586654037237167358e-01
1.519151628017425537e-01
4.142512008547782898e-02
1.822333969175815582e-02
4.527696594595909119e-02
1.410907953977584839e-01
2.014452964067459106e-01
1.503209322690963745e-01
2.190715074539184570e-02
1.622774153947830200e-01
2.189192026853561401e-01
1.516380310058593750e-01
3.594888001680374146e-02
1.292044669389724731e-01
6.477665156126022339e-02
1.953816600143909454e-02
1.378048360347747803e-01
2.928443551063537598e-01
1.262394785881042480e-01
4.096596688032150269e-02
1.677420586347579956e-01
1.709419041872024536e-01
1.598951816558837891e-01
2.149622887372970581e-01
1.943496167659759521e-01
1.132183521986007690e-01
1.428670138120651245e-01
2.225930392742156982e-01
6.880369037389755249e-02
1.496814638376235962e-01
5.275781080126762390e-02
1.204264387488365173e-01
8.556644618511199951e-02
1.638220250606536865e-01
-3.229766339063644409e-02
7.896697521209716797e-02
5.369202792644500732e-02
1.797225028276443481e-01
4.645347222685813904e-02
1.826577633619308472e-01
-9.948221966624259949e-03
4.194756224751472473e-02
2.236550152301788330e-01
1.043229773640632629e-01
-1.185242831707000732e-02
2.485326230525970459e-01
-2.561774477362632751e-02
-4.784821718931198120e-02
2.479006648063659668e-01
2.949044108390808105e-01
8.278445899486541748e-02
6.899762153625488281e-02
2.111568748950958252e-01
1.189465522766113281e-01
1.079743355512619019e-01
9.767654538154602051e-02
6.263432651758193970e-02
1.822204142808914185e-01
7.158308476209640503e-02
1.836119592189788818e-01
1.031396389007568359e-01
1.124580949544906616e-01
-1.202761381864547729e-01
-8.941504359245300293e-02
-1.935417950153350830e-01
1.870990097522735596e-01
1.595056802034378052e-01
9.634488075971603394e-02
1.595388054847717285e-01
2.041603177785873413e-01
7.806743681430816650e-02
1.698230654001235962e-01
8.854399621486663818e-02
7.121437042951583862e-02
-3.463681414723396301e-02
3.594084456562995911e-02
3.777308017015457153e-02
1.011620983481407166e-01
6.877958029508590698e-02
-1.362007483839988708e-02
-5.771479755640029907e-02
4.719377309083938599e-02
9.374225884675979614e-02
1.419863104820251465e-01
1.413133591413497925e-01
1.547164171934127808e-01
2.495828457176685333e-02
1.714002490043640137e-01
1.109150275588035583e-01
3.382240235805511475e-02
-3.295382112264633179e-02
4.057702422142028809e-02
-7.292667776346206665e-02
7.185626029968261719e-02
