9.177117049694061279e-02
8.672066032886505127e-02
1.554236561059951782e-01
1.138086244463920593e-01
1.163785532116889954e-01
9.889488667249679565e-02
1.923608332872390747e-01
1.602196395397186279e-01
2.270928323268890381e-01
2.170440852642059326e-01
2.856555283069610596e-01
3.761136233806610107e-01
3.445670306682586670e-01
3.595507144927978516e-01
3.635745644569396973e-01
3.928836286067962646e-01
3.844906091690063477e-01
2.904494702816009521e-01
3.477394580841064453e-01
3.996794223785400391e-01
4.069992303848266602e-01
3.317445516586303711e-01
4.065991044044494629e-01
3.698541224002838135e-01
3.804541230201721191e-01
3.476321697235107422e-01
4.978448748588562012e-01
5.169622302055358887e-01
4.799508154392242432e-01
2.888906300067901611e-01
4.565857946872711182e-01
2.617790400981903076e-01
3.408718109130859375e-01
2.583345472812652588e-01
3.609113693237304688e-01
3.082531690597534180e-01
2.353215068578720093e-01
2.962333559989929199e-01
2.788563370704650879e-01
2.647371888160705566e-01
2.686045169830322266e-01
1.829139590263366699e-01
2.859073579311370850e-01
2.051232904195785522e-01
2.244353294372558594e-01
2.171153426170349121e-01
2.405290007591247559e-01
1.628345251083374023e-01
2.231781035661697388e-01
1.847157180309295654e-01
2.271718978881835938e-01
2.865727543830871582e-01
1.421844363212585449e-01
1.838978976011276245e-01
2.258504778146743774e-01
1.803424358367919922e-01
1.743942201137542725e-01
1.456974148750305176e-01
2.314018607139587402e-01
1.987492144107818604e-01
1.926129013299942017e-01
1.214241534471511841e-01
2.662086188793182373e-01
1.480039805173873901e-01
2.141056507825851440e-01
1.710169464349746704e-01
2.229061424732208252e-01
2.227086275815963745e-01
2.726389765739440918e-01
2.044653743505477905e-01
2.212913930416107178e-01
2.342862039804458618e-01
2.246996611356735229e-01
1.370299309492111206e-01
2.297432124614715576e-01
1.768104583024978638e-01
1.843862831592559814e-01
2.078162580728530884e-01
1.925933510065078735e-01
1.030603200197219849e-01
2.051460891962051392e-01
1.315239220857620239e-01
2.130249142646789551e-01
1.962185055017471313e-01
1.745880544185638428e-01
1.618421673774719238e-01
1.924805194139480591e-01
1.129921451210975647e-01
1.390047967433929443e-01
1.286271363496780396e-01
1.933007389307022095e-01
2.379685193300247192e-01
1.682067960500717163e-01
2.052325010299682617e-01
2.997789382934570312e-01
2.561179101467132568e-01
1.983136534690856934e-01
2.274855375289916992e-01
2.537027895450592041e-01
2.822739183902740479e-01
2.188190668821334839e-01
1.922830343246459961e-01
2.654722630977630615e-01
1.837699860334396362e-01
1.562169492244720459e-01
1.670846194028854370e-01
1.999630331993103027e-01
2.220268100500106812e-01
2.010641247034072876e-01
2.566022872924804688e-01
2.086167186498641968e-01
2.857915163040161133e-01
2.738677859306335449e-01
1.498852968215942383e-01
2.349097877740859985e-01
2.140264511108398438e-01
2.042939662933349609e-01
2.339989840984344482e-01
2.167420536279678345e-01
2.063526660203933716e-01
1.744787842035293579e-01
1.137309074401855469e-01
2.290080189704895020e-01
1.789851486682891846e-01
2.074950486421585083e-01
2.082493305206298828e-01
1.826799660921096802e-01
2.227565199136734009e-01
2.665193974971771240e-01
1.914720833301544189e-01
2.325755059719085693e-01
2.133605033159255981e-01
3.205000460147857666e-01
1.774416714906692505e-01
2.656753659248352051e-01
1.735343337059020996e-01
1.972287595272064209e-01
2.233440428972244263e-01
2.162744700908660889e-01
2.732685804367065430e-01
1.478962898254394531e-01
1.583823859691619873e-01
1.809495240449905396e-01
1.729640066623687744e-01
1.917819529771804810e-01
1.870976239442825317e-01
2.382978647947311401e-01
2.836542725563049316e-01
2.557840645313262939e-01
2.207453101873397827e-01
2.469238489866256714e-01
2.321495860815048218e-01
2.829384803771972656e-01
2.176691889762878418e-01
2.580284178256988525e-01
3.455359041690826416e-01
2.382211387157440186e-01
3.268783986568450928e-01
3.772342205047607422e-01
2.422775924205780029e-01
2.837763428688049316e-01
2.866014540195465088e-01
3.251000642776489258e-01
3.470785319805145264e-01
3.644945621490478516e-01
2.940436005592346191e-01
4.034926295280456543e-01
2.786520719528198242e-01
3.296716511249542236e-01
2.956824898719787598e-01
3.048753142356872559e-01
2.818935811519622803e-01
2.793664336204528809e-01
3.214005529880523682e-01
3.503262400627136230e-01
2.747546434402465820e-01
3.217471241950988770e-01
2.042776644229888916e-01
3.035741150379180908e-01
2.214127629995346069e-01
2.919083833694458008e-01
2.896254360675811768e-01
3.484451770782470703e-01
3.443456590175628662e-01
3.836660981178283691e-01
1.780292540788650513e-01
3.263957202434539795e-01
2.358279228210449219e-01
2.600730955600738525e-01
2.445900738239288330e-01
3.021190464496612549e-01
2.845797240734100342e-01
3.147522211074829102e-01
1.393534243106842041e-01
2.191905081272125244e-01
3.867779970169067383e-01
2.506466209888458252e-01
3.502775728702545166e-01
3.339256644248962402e-01
3.220031261444091797e-01
4.524548351764678955e-01
3.460276126861572266e-01
3.316132128238677979e-01
4.594433605670928955e-01
4.043334126472473145e-01
3.566216230392456055e-01
4.355311095714569092e-01
3.912983238697052002e-01
3.518256843090057373e-01
3.925594389438629150e-01
3.765471875667572021e-01
3.752286434173583984e-01
2.944231331348419189e-01
4.140504002571105957e-01
4.299558401107788086e-01
4.104210138320922852e-01
4.357267916202545166e-01
3.549162447452545166e-01
4.838030934333801270e-01
3.726842403411865234e-01
3.648933470249176025e-01
4.425099790096282959e-01
4.256841540336608887e-01
4.970797598361968994e-01
4.155580997467041016e-01
4.015990793704986572e-01
4.275850355625152588e-01
4.438742101192474365e-01
3.287547826766967773e-01
4.061727523803710938e-01
4.105861485004425049e-01
4.038636386394500732e-01
4.391718208789825439e-01
3.708721399307250977e-01
5.296522378921508789e-01
3.954083919525146484e-01
4.531550109386444092e-01
4.318189918994903564e-01
4.523545503616333008e-01
5.746800899505615234e-01
4.793515801429748535e-01
4.742408692836761475e-01
5.346831679344177246e-01
4.218555390834808350e-01
5.405091047286987305e-01
5.526534318923950195e-01
4.520156085491180420e-01
4.337670803070068359e-01
5.531286001205444336e-01
5.491297245025634766e-01
4.626646041870117188e-01
5.399752259254455566e-01
5.505369901657104492e-01
4.980107247829437256e-01
5.501564741134643555e-01
5.520886182785034180e-01
4.936137199401855469e-01
3.830212056636810303e-01
5.881452560424804688e-01
5.909250974655151367e-01
5.482704639434814453e-01
4.843185842037200928e-01
5.686168670654296875e-01
5.035648941993713379e-01
4.862376153469085693e-01
3.586222827434539795e-01
5.773106813430786133e-01
3.631149828433990479e-01
6.779965758323669434e-01
5.363395214080810547e-01
5.205339193344116211e-01
3.707205355167388916e-01
4.661419391632080078e-01
3.422515690326690674e-01
4.578114151954650879e-01
4.642029404640197754e-01
4.730599224567413330e-01
4.839682579040527344e-01
5.422408580780029297e-01
4.836324751377105713e-01
5.198281407356262207e-01
4.765372276306152344e-01
5.441229939460754395e-01
4.882892370223999023e-01
4.940764009952545166e-01
5.508472919464111328e-01
5.601137280464172363e-01
5.839965343475341797e-01
5.738139152526855469e-01
5.904955863952636719e-01
6.351256370544433594e-01
6.309636235237121582e-01
6.570185422897338867e-01
5.574404001235961914e-01
5.768506526947021484e-01
4.984298646450042725e-01
6.625742912292480469e-01
5.595697164535522461e-01
6.100110411643981934e-01
6.192185878753662109e-01
7.392559051513671875e-01
6.422177553176879883e-01
6.122307777404785156e-01
5.988063216209411621e-01
6.397376656532287598e-01
6.043453216552734375e-01
5.752897262573242188e-01
5.907764434814453125e-01
5.950618982315063477e-01
6.610904932022094727e-01
5.587884187698364258e-01
5.682872533798217773e-01
6.601105332374572754e-01
5.801751017570495605e-01
6.102373600006103516e-01
5.724214315414428711e-01
6.072442531585693359e-01
6.133701801300048828e-01
7.448749542236328125e-01
6.530312299728393555e-01
6.858828663825988770e-01
4.876236319541931152e-01
6.151596903800964355e-01
6.456292867660522461e-01
6.643483638763427734e-01
6.113533377647399902e-01
7.319868803024291992e-01
6.742478609085083008e-01
6.229760646820068359e-01
5.738559961318969727e-01
6.267245411872863770e-01
6.368067264556884766e-01
8.268051147460937500e-01
6.702393293380737305e-01
7.385679483413696289e-01
6.504393815994262695e-01
6.786973476409912109e-01
5.609130859375000000e-01
6.717662811279296875e-01
6.322335004806518555e-01
5.133426785469055176e-01
5.444768667221069336e-01
5.684590935707092285e-01
6.287239789962768555e-01
6.620157957077026367e-01
5.932186841964721680e-01
6.018548011779785156e-01
6.862876415252685547e-01
6.224086284637451172e-01
6.183356046676635742e-01
8.389742374420166016e-01
6.765953302383422852e-01
6.230843663215637207e-01
6.694568395614624023e-01
7.100915908813476562e-01
7.256421446800231934e-01
7.729253768920898438e-01
6.765233874320983887e-01
7.182425260543823242e-01
6.123878955841064453e-01
8.124880194664001465e-01
7.290064096450805664e-01
6.926493644714355469e-01
6.770803928375244141e-01
6.893477439880371094e-01
6.706190705299377441e-01
6.248048543930053711e-01
7.234437465667724609e-01
7.457618713378906250e-01
4.897507727146148682e-01
6.403722763061523438e-01
6.349343061447143555e-01
7.255291938781738281e-01
6.792464852333068848e-01
6.995877027511596680e-01
6.063904762268066406e-01
6.247593760490417480e-01
6.931965947151184082e-01
6.783775091171264648e-01
5.848565697669982910e-01
6.617194414138793945e-01
6.769956350326538086e-01
6.188613176345825195e-01
7.138375043869018555e-01
7.882778048515319824e-01
6.028637886047363281e-01
7.261799573898315430e-01
6.501519083976745605e-01
7.446479797363281250e-01
7.661095261573791504e-01
8.070778250694274902e-01
6.701414585113525391e-01
6.887630820274353027e-01
7.557659149169921875e-01
7.187750339508056641e-01
7.604897022247314453e-01
7.006734609603881836e-01
5.742112398147583008e-01
6.365654468536376953e-01
5.271947383880615234e-01
7.842209935188293457e-01
5.998588800430297852e-01
7.660744190216064453e-01
6.292481422424316406e-01
7.387278079986572266e-01
7.097145915031433105e-01
6.024056673049926758e-01
5.983474850654602051e-01
6.051792502403259277e-01
5.594620704650878906e-01
6.931517720222473145e-01
5.395416617393493652e-01
6.247375011444091797e-01
6.595927476882934570e-01
6.334490776062011719e-01
5.917549729347229004e-01
6.674320697784423828e-01
6.167075634002685547e-01
6.438750028610229492e-01
6.863679289817810059e-01
6.197810173034667969e-01
6.909337639808654785e-01
6.644897460937500000e-01
6.570591926574707031e-01
7.209166884422302246e-01
6.195709705352783203e-01
6.274133920669555664e-01
5.435073375701904297e-01
5.818296670913696289e-01
6.331858634948730469e-01
6.017380952835083008e-01
7.069863080978393555e-01
6.137431859970092773e-01
5.918338298797607422e-01
6.281302571296691895e-01
7.162978649139404297e-01
7.145414352416992188e-01
6.629912853240966797e-01
6.890839934349060059e-01
5.818682909011840820e-01
5.981813073158264160e-01
5.976673364639282227e-01
6.837213039398193359e-01
5.995897054672241211e-01
7.164897918701171875e-01
5.961428880691528320e-01
6.669331789016723633e-01
7.343070507049560547e-01
8.136571049690246582e-01
6.174319982528686523e-01
5.875085592269897461e-01
6.368560194969177246e-01
8.907486200332641602e-01
6.133944988250732422e-01
6.492298245429992676e-01
5.192629694938659668e-01
6.195796728134155273e-01
6.783367991447448730e-01
5.793111324310302734e-01
7.140486240386962891e-01
7.047212719917297363e-01
5.788029432296752930e-01
7.458596229553222656e-01
5.746779441833496094e-01
5.528270006179809570e-01
5.836542248725891113e-01
6.368631720542907715e-01
6.506162285804748535e-01
6.016269922256469727e-01
5.531385540962219238e-01
8.060298562049865723e-01
4.822936952114105225e-01
6.662745475769042969e-01
6.519713401794433594e-01
8.350452780723571777e-01
5.806838274002075195e-01
5.739155411720275879e-01
6.790122985839843750e-01
5.966086387634277344e-01
7.386192083358764648e-01
7.070916891098022461e-01
7.156530022621154785e-01
7.002940773963928223e-01
7.218073010444641113e-01
6.624071598052978516e-01
6.297731399536132812e-01
5.792814493179321289e-01
6.121625900268554688e-01
6.525672674179077148e-01
5.102732777595520020e-01
6.891057491302490234e-01
5.395239591598510742e-01
5.603456497192382812e-01
4.644236862659454346e-01
6.238055229187011719e-01
5.008469223976135254e-01
6.081476211547851562e-01
4.055986106395721436e-01
5.035266876220703125e-01
5.925489664077758789e-01
4.867618083953857422e-01
5.123133659362792969e-01
5.980606079101562500e-01
5.091433525085449219e-01
4.916748404502868652e-01
4.802969694137573242e-01
5.151874423027038574e-01
5.115313529968261719e-01
4.445736408233642578e-01
4.650272130966186523e-01
5.974200963973999023e-01
4.678452908992767334e-01
4.969951808452606201e-01
5.571492910385131836e-01
5.109214782714843750e-01
5.005689263343811035e-01
5.959538221359252930e-01
5.740189552307128906e-01
6.000716686248779297e-01
5.233792662620544434e-01
5.946518182754516602e-01
6.879757642745971680e-01
6.235336065292358398e-01
6.842765808105468750e-01
6.760853528976440430e-01
4.599656462669372559e-01
7.059330344200134277e-01
5.839374661445617676e-01
6.551768779754638672e-01
4.765014052391052246e-01
4.574808180332183838e-01
6.128258705139160156e-01
4.563324153423309326e-01
5.864574909210205078e-01
6.772201657295227051e-01
5.273035764694213867e-01
7.283859252929687500e-01
6.029263734817504883e-01
6.029393672943115234e-01
6.585443019866943359e-01
6.827659010887145996e-01
5.992094278335571289e-01
8.357913494110107422e-01
5.039401650428771973e-01
4.493101835250854492e-01
3.657781779766082764e-01
4.654262959957122803e-01
5.165776610374450684e-01
5.627321004867553711e-01
5.578703880310058594e-01
5.650492906570434570e-01
4.357779622077941895e-01
5.598813891410827637e-01
5.461904406547546387e-01
5.039219260215759277e-01
5.085101723670959473e-01
5.391749739646911621e-01
5.919326543807983398e-01
7.058304548263549805e-01
5.823447704315185547e-01
5.588710308074951172e-01
5.497590303421020508e-01
6.011054515838623047e-01
5.621299743652343750e-01
5.494031906127929688e-01
6.114491820335388184e-01
5.027710795402526855e-01
6.231485009193420410e-01
5.002526044845581055e-01
6.064440011978149414e-01
6.101220846176147461e-01
4.852661490440368652e-01
5.368409156799316406e-01
6.545872688293457031e-01
4.846256077289581299e-01
5.987123250961303711e-01
5.444028377532958984e-01
4.457232058048248291e-01
5.341876745223999023e-01
4.035851955413818359e-01
5.406082868576049805e-01
5.820509195327758789e-01
4.243928790092468262e-01
4.909084141254425049e-01
6.184599399566650391e-01
6.143309473991394043e-01
4.415189921855926514e-01
5.527681112289428711e-01
3.886167109012603760e-01
4.994759261608123779e-01
3.367461860179901123e-01
4.606868326663970947e-01
5.068750977516174316e-01
4.224848151206970215e-01
4.267498254776000977e-01
3.305262327194213867e-01
3.996271491050720215e-01
3.867923915386199951e-01
3.538244366645812988e-01
3.777688145637512207e-01
4.859880506992340088e-01
4.032611250877380371e-01
3.922692835330963135e-01
3.582694232463836670e-01
3.826206922531127930e-01
4.603805840015411377e-01
4.628849327564239502e-01
4.835187494754791260e-01
4.388256967067718506e-01
4.165756702423095703e-01
4.512125849723815918e-01
3.842489123344421387e-01
4.795728623867034912e-01
4.000032842159271240e-01
4.311443865299224854e-01
3.291604518890380859e-01
3.921956419944763184e-01
4.392281174659729004e-01
4.118152260780334473e-01
4.032805860042572021e-01
4.179281890392303467e-01
4.840361475944519043e-01
5.250442624092102051e-01
4.360006451606750488e-01
4.302752017974853516e-01
3.902139365673065186e-01
4.822704792022705078e-01
3.008062839508056641e-01
4.068909287452697754e-01
3.897881507873535156e-01
4.537905454635620117e-01
3.251777887344360352e-01
3.864058852195739746e-01
4.512470662593841553e-01
4.143878221511840820e-01
3.914517462253570557e-01
3.646881282329559326e-01
2.682441473007202148e-01
5.840139389038085938e-01
4.378757476806640625e-01
3.893812298774719238e-01
4.697994589805603027e-01
5.204884409904479980e-01
4.487398266792297363e-01
5.299902558326721191e-01
5.327107310295104980e-01
4.005388021469116211e-01
4.355620145797729492e-01
4.382065534591674805e-01
4.642276763916015625e-01
5.364201068878173828e-01
4.299939572811126709e-01
4.967148900032043457e-01
4.427298903465270996e-01
4.761764705181121826e-01
4.949088692665100098e-01
4.021517932415008545e-01
3.583652079105377197e-01
5.587610006332397461e-01
3.113171160221099854e-01
5.635209083557128906e-01
3.933374583721160889e-01
4.767360389232635498e-01
3.628180027008056641e-01
4.618953764438629150e-01
4.229594171047210693e-01
4.271707236766815186e-01
2.338597625494003296e-01
4.406979978084564209e-01
5.211437344551086426e-01
3.854539692401885986e-01
4.358487725257873535e-01
3.370338678359985352e-01
3.940463364124298096e-01
4.881240427494049072e-01
4.536035358905792236e-01
3.748246133327484131e-01
1.747390627861022949e-01
3.829702138900756836e-01
3.263545632362365723e-01
3.081803023815155029e-01
2.863515615463256836e-01
3.197937011718750000e-01
2.815789282321929932e-01
3.820845186710357666e-01
3.813652694225311279e-01
4.278693199157714844e-01
4.029743075370788574e-01
4.570097923278808594e-01
3.111955821514129639e-01
3.895519971847534180e-01
3.877384960651397705e-01
3.546909093856811523e-01
2.876656949520111084e-01
3.840788006782531738e-01
3.068314194679260254e-01
3.918528556823730469e-01
3.510746061801910400e-01
4.008770287036895752e-01
4.456598758697509766e-01
3.962200284004211426e-01
3.146655559539794922e-01
5.749633908271789551e-01
2.602810859680175781e-01
3.336371779441833496e-01
2.531237304210662842e-01
3.383067548274993896e-01
3.778553307056427002e-01
4.075459539890289307e-01
4.534947276115417480e-01
3.748674094676971436e-01
3.558978438377380371e-01
3.535433411598205566e-01
2.799756526947021484e-01
3.709510266780853271e-01
4.205678999423980713e-01
3.709542453289031982e-01
3.317881822586059570e-01
4.846159517765045166e-01
3.721883296966552734e-01
3.818883001804351807e-01
2.546624541282653809e-01
2.215735763311386108e-01
3.266497254371643066e-01
3.043854534626007080e-01
3.833276927471160889e-01
4.746229350566864014e-01
3.045896887779235840e-01
2.945709824562072754e-01
3.808050453662872314e-01
3.158782422542572021e-01
3.658887147903442383e-01
3.255382776260375977e-01
3.187623023986816406e-01
4.029458165168762207e-01
3.316598236560821533e-01
2.960158884525299072e-01
2.676553726196289062e-01
4.110064506530761719e-01
3.138447999954223633e-01
3.505895137786865234e-01
3.059134781360626221e-01
3.322629928588867188e-01
3.642971813678741455e-01
2.672894299030303955e-01
3.179022371768951416e-01
3.741990923881530762e-01
3.803432285785675049e-01
3.571493029594421387e-01
3.660151958465576172e-01
3.351224064826965332e-01
2.524313330650329590e-01
4.146077036857604980e-01
2.559997737407684326e-01
4.287718236446380615e-01
2.220755219459533691e-01
4.296744167804718018e-01
3.603384196758270264e-01
3.955217897891998291e-01
3.544721305370330811e-01
2.823742926120758057e-01
4.579661190509796143e-01
3.884601593017578125e-01
3.349393606185913086e-01
4.434772133827209473e-01
4.459750056266784668e-01
4.669875204563140869e-01
3.904942870140075684e-01
5.209271311759948730e-01
4.585133790969848633e-01
3.443024754524230957e-01
3.365157544612884521e-01
3.169913291931152344e-01
2.977374792098999023e-01
1.963613182306289673e-01
2.587438523769378662e-01
2.369283586740493774e-01
2.787488996982574463e-01
3.661724030971527100e-01
2.806333005428314209e-01
3.356764614582061768e-01
3.567965924739837646e-01
2.537083327770233154e-01
3.590313792228698730e-01
3.978422880172729492e-01
3.341549038887023926e-01
3.842532634735107422e-01
3.061428368091583252e-01
3.374096155166625977e-01
2.200308740139007568e-01
2.998844683170318604e-01
1.417266279458999634e-01
3.179724216461181641e-01
2.938160300254821777e-01
3.337376713752746582e-01
2.949518263339996338e-01
2.912609875202178955e-01
3.729010224342346191e-01
3.080578744411468506e-01
2.850128412246704102e-01
3.757437169551849365e-01
2.808277308940887451e-01
3.854983448982238770e-01
3.203691840171813965e-01
4.112096726894378662e-01
4.374379217624664307e-01
4.813007712364196777e-01
2.946844100952148438e-01
3.573833405971527100e-01
4.806854128837585449e-01
3.742785453796386719e-01
4.156646728515625000e-01
3.686810135841369629e-01
4.386317729949951172e-01
4.398850798606872559e-01
4.614943265914916992e-01
4.272937476634979248e-01
4.068166017532348633e-01
4.057792425155639648e-01
4.726331532001495361e-01
3.402920067310333252e-01
4.193289279937744141e-01
5.183829665184020996e-01
5.143619179725646973e-01
4.938329160213470459e-01
2.495743632316589355e-01
3.625314831733703613e-01
4.548278152942657471e-01
4.122307002544403076e-01
3.369208276271820068e-01
4.244519472122192383e-01
2.697875201702117920e-01
4.160519242286682129e-01
1.860386580228805542e-01
3.873910307884216309e-01
2.332739233970642090e-01
2.807958126068115234e-01
3.892552852630615234e-01
4.306964874267578125e-01
4.473973214626312256e-01
4.538753926753997803e-01
2.484076023101806641e-01
2.704596519470214844e-01
2.740646898746490479e-01
1.902014017105102539e-01
2.136724442243576050e-01
2.741678655147552490e-01
2.902564406394958496e-01
2.040156275033950806e-01
1.986393034458160400e-01
2.399210184812545776e-01
3.498584330081939697e-01
1.645515561103820801e-01
2.633658349514007568e-01
2.496323883533477783e-01
2.218112796545028687e-01
2.833092808723449707e-01
1.898997724056243896e-01
2.585509121417999268e-01
3.191198110580444336e-01
2.562790811061859131e-01
2.371407151222229004e-01
3.838990628719329834e-01
1.812873780727386475e-01
3.500930070877075195e-01
2.411023527383804321e-01
3.367764055728912354e-01
3.192408680915832520e-01
2.661401033401489258e-01
4.056392610073089600e-01
2.597811520099639893e-01
4.069301187992095947e-01
3.506492376327514648e-01
2.885886728763580322e-01
3.037869036197662354e-01
3.853160142898559570e-01
3.256353735923767090e-01
3.516290783882141113e-01
3.459728956222534180e-01
3.285022974014282227e-01
2.846681773662567139e-01
1.984241902828216553e-01
2.031256258487701416e-01
2.778396606445312500e-01
2.368333488702774048e-01
2.778436839580535889e-01
2.248908430337905884e-01
1.651480644941329956e-01
1.730531156063079834e-01
9.026730060577392578e-02
1.008401215076446533e-01
2.154429405927658081e-01
1.640856266021728516e-01
1.686662286520004272e-01
1.473028510808944702e-01
1.890245079994201660e-01
1.389762610197067261e-01
1.389676481485366821e-01
1.370620876550674438e-01
2.845501005649566650e-01
1.027050241827964783e-01
1.493780314922332764e-01
2.197134792804718018e-01
1.462070792913436890e-01
1.808474510908126831e-01
8.068881928920745850e-02
1.690232604742050171e-01
7.864907383918762207e-02
1.074223518371582031e-01
1.591957062482833862e-01
1.644526124000549316e-01
1.598273664712905884e-01
8.439077436923980713e-02
1.326703727245330811e-01
1.751060485839843750e-01
2.073143422603607178e-01
5.592355504631996155e-02
1.976523101329803467e-01
1.600348651409149170e-01
2.415712773799896240e-01
9.192558377981185913e-02
-2.482097968459129333e-02
8.046521246433258057e-02
1.009904500097036362e-02
1.213131193071603775e-02
5.588220059871673584e-02
1.307699382305145264e-01
1.232667937874794006e-01
1.765429675579071045e-01
1.564682275056838989e-02
7.752829790115356445e-02
1.728543192148208618e-01
7.004699856042861938e-02
2.848890423774719238e-02
2.046133577823638916e-01
-7.770273834466934204e-02
9.492042660713195801e-02
7.660707086324691772e-02
1.891664564609527588e-01
1.432517766952514648e-01
1.156376227736473083e-01
3.168304637074470520e-02
2.027450054883956909e-01
1.363558322191238403e-01
2.410688251256942749e-02
-1.700865663588047028e-02
1.732055097818374634e-02
-1.412363536655902863e-02
1.849817037582397461e-01
8.492081612348556519e-02
3.071371465921401978e-02
7.178588211536407471e-02
1.313761323690414429e-01
-1.068171188235282898e-01
-3.135805204510688782e-02
-6.508082896471023560e-02
6.125601753592491150e-02
1.423509977757930756e-02
-1.089448481798171997e-01
3.111082687973976135e-02
7.873282767832279205e-03
2.360329031944274902e-02
7.115303538739681244e-03
8.157818228937685490e-04
1.015889123082160950e-01
8.335001766681671143e-02
6.866557896137237549e-02
1.559852808713912964e-01
9.923252463340759277e-02
4.754690453410148621e-02
3.000647202134132385e-02
1.148632392287254333e-01
2.456613481044769287e-01
2.164404094219207764e-01
1.855763345956802368e-01
1.505805104970932007e-01
1.589907556772232056e-01
1.913187354803085327e-01
1.331518292427062988e-01
2.698396742343902588e-01
5.810320377349853516e-02
1.507369130849838257e-01
2.783652245998382568e-01
7.524461299180984497e-02
1.011950075626373291e-01
9.633870422840118408e-02
1.967794448137283325e-01
1.585643142461776733e-01
2.702886760234832764e-01
8.167535066604614258e-02
1.729019582271575928e-01
1.299926489591598511e-01
1.603871434926986694e-01
5.257220938801765442e-02
9.901063889265060425e-02
2.639933675527572632e-02
4.953587055206298828e-02
1.495502889156341553e-01
6.223274767398834229e-02
1.416027396917343140e-01
2.523424327373504639e-01
-3.767909109592437744e-02
1.654012128710746765e-02
1.456989347934722900e-01
1.206548884510993958e-01
1.134163066744804382e-01
3.443042561411857605e-02
9.587180614471435547e-02
1.562237590551376343e-01
9.709308296442031860e-02
1.521211564540863037e-01
2.317398935556411743e-01
1.522558331489562988e-01
2.184431701898574829e-01
2.316370159387588501e-01
1.717298775911331177e-01
7.833994925022125244e-02
-1.727885939180850983e-02
7.847466319799423218e-02
8.159985393285751343e-02
2.166974842548370361e-01
1.872901916503906250e-01
1.354376971721649170e-01
1.718064993619918823e-01
1.512519717216491699e-01
1.084511652588844299e-01
2.077541649341583252e-01
1.361387670040130615e-01
8.451699465513229370e-02
1.856899708509445190e-01
1.610793918371200562e-01
2.394104003906250000e-01
1.830947250127792358e-01
6.937247514724731445e-02
9.433820843696594238e-02
1.374884247779846191e-01
4.719468206167221069e-02
1.381201148033142090e-01
2.463602423667907715e-01
1.262461990118026733e-01
1.947829574346542358e-01
8.594433218240737915e-02
2.415114045143127441e-01
2.335547208786010742e-01
1.010141521692276001e-01
5.635433271527290344e-02
9.007633477449417114e-02
2.437474578619003296e-02
6.781252473592758179e-02
